$ANSIBLE_VAULT;1.1;AES256
63333733313862653464616130626362373834613733343265643632376265313333623135613331
3434373537396238306133396263653464343965373836360a356330336436653935626466313863
66356461383032623366656463613235663566323338613238383736356663323337363962646530
3231663734623833660a346133626130333537633034346462646433653133393635646239626333
63363261353364376462346461353163633336306161393166623232626630313938383836356636
32353065396335306661376237346266363030396437343339643932663330326435336463376631
31326565353939316334303662336465303962646232386564396461346461626532383936396139
35366437393339336165353032396330663662353863373733363536663636376462653635353235
34623833333533323162333664343061383363393836323730323639316164373732343130613933
33313364373464346263353431643539333631366666316332306162656237343538623238316632
33343237613166386433346663323339636365623761346264656234303938653533646166393438
33363664616538643439303063313462666266323237616536346261653233666134393635646235
62303834346232643866393037633937376133363937323833373831343733386562373232646638
30376337396431373438333638393164623566626462383337663632313564636339353731313163
34396233313638356661653132383038393831396463383734326136633134323234616535363735
65383036393763323430386131356135376130643264623835313664373861343535313337636139
36636338626136333461366538613965323361303737386139363933323838333365336139326233
32383737343734323166646230653135656265313534306137393366323330653339336538343736
35333463613166643761326366306538636331333162386338316635623335303831313035623038
33383337633631303733656634613931313435353030633063323131666235663939336264336236
33646535333031396238383865633766306238323537653061656166343637346334323132353337
30646364663761373636316362363063393564376536653865346163336365323262623661303963
34623565623239663234633139386233623033373734623239313639383563616265666666313337
32386233666366646361653739383034653365333430316330653732353736366233343233383433
62623032316563343965653466323531636165353335656132336539353638333666323063363533
36346135636536636338353337366438396336386339613030356630643833646666336134663330
64623830373332353664633232383730376430663065663139346334306464393331313965396234
31303339616139643735313163383636653165663463323739633539633363373562333063343331
32306264393133336437613432663165633237346166343238396132396239346430346435353264
64383034333037333464633764653564393962313131653734633463303039663164396231306537
34623265323134323631633831656534393566646566383231306266663332346337396236643131
30633464653230323962656335343734313036313233336233353732326238636665666166323565
37333466366230633330393433393063333236646431323566343936303434643032376136326134
65363936393930653630663365356531396330626565613963633134386262323133383037366264
39643536383766343563656538633465623338643637623337353265653335303561383532356238
61373136373965363133396339356663363532653532306430633765353435386532393932366638
62373438386636343032663763376137626238353763653737626532656361616562333964376631
66373066343963623337656134366231396565633166666331313862633566353832333133333530
31373266303130353630653662643633633035646330326136633839613739303032386633333333
32303764653437356433333830373231393138366565323737613837613362386163353039666534
30386663626336626664613333666662313732663634623932303137376463386530653465643961
62626131663537626431613262303661626463636636633838393737323539393632363939306362
37376530393430333532313533323366666163656433356264343565323865336139356565616437
66396163303066613661643262363162663564313861336262626264316530613765383236393436
61643331303031383933613466636233643633303231383239336438346338396166346433633462
32346136353465333362346638393766396436336432656564653765663536626638323965396235
65373533363766353536346666396431363764336135366330326437363266323632303563653236
61643538333535343832636436316162373232633231373039616633306332616538616264366134
30616538383532366539643663613832666635633738326134626537383663316465393733646565
62343038343131396631306137613335373438323964366363363434333436323137646630363338
63643836653863313530656539306531366466343531643636616663656138326230333630623438
38316464623537616462323434383063313666383832393630373735306666653566613766333238
36653362323930633661663362643939306432346366623732623632376232346236376536303130
65653539376265386330353439333034663765343735313234616334346565373435656330383464
30326539396666373233343965326338343562316632366339303237303333623763656234313665
32656130616432623865343130393935366231656438333961636130323731383761373062643966
39393563633561306362393636626262643532643231643738623233376461633532356536643132
37396661376539393661363962353365356462623333313965613761396463353232363763393364
65303236633361366531313965323238353331336235326565393631346366313166316235313930
65326233633239646638633065653635323735313132633862333934333436313139653863313661
30613731323830616365346263663234333337336239316263306338386463636364313263316562
66396334333935626163393738643338626362393365343737393932623539623066326665303862
34343362363437646232326236633738316633303538393732383030626433646437616130666134
66393431616639383238623536343561376261653238613066306432333535613636366438356266
39396234313866303966656433656262323938356533363465386461343938303431616165353265
64636637363834323161656664636335653438333430663436396339663732376239313337393538
32663037356437356437613566333939626562633735353532323138393331336465336430633833
37346238303663353164376634363763333033623564333833373963396463663339386434326334
36666533313131393261316234303936656230316539326636643362373866616334386561623432
66343264303632353836393131356465366337613764626464626533613166646562646563633661
37323131333930616562643939363764383831633062316135643566323236306461356366636238
63626534623338306330316539366437303530396435313937333031353635326530343666333334
66383534353532396433313032303532373636303965343037666630353732303565656430386538
32306265653539633837343230663661666130376663656131386236346266363361336438656165
38333532623733653332623066383434633838633465666537333336313835643563363362646539
35343433613032613763613364383336613130353266363834353132653761343463626165316632
63616365636232656431383266616363613062393433343362393965626237353031663138346464
37386537633935306662666638316630326564323033393034636438653461316233373835303065
30373564306231336366383030616636666638326533353031656632343666373263633333653138
36323464393430346635313739376335303261373930386362386163333539643665333430356234
31346237666333663637623936333366656431373833313138356165346235313865366237336433
34316163343766613634396337653066343430323835313339363865656230323936643832663032
66383630626232353332346533663038623364666437626362346465316366316233373935383433
35646166336466663961353339633131656335303762323166633735313439656535613964666563
30623733396634376339393132383330373930663764633331656561613664303362376130396239
33343937653361626566633934343636316332306432616362323535326231343732363639326330
64333836633739396664383564643764626531363933643331323430343935303139363839656631
33356237663037316639343630666337383161616562363133333966306162393533343834643930
35653231356566306435366538383334376266613533396333393966613163623666336166393536
63396636336664316236363961663433333236653638313636323363316231366662323963653238
38633535626630343662656336623339643637313462323733633638336438326533366137346465
33643561653230306239323565386631636433656664316432346631396633386639626135643338
39383531306166343261376331373936646334666265663032353565636434326535376366323363
61623163383061343330396430626138653366643763643237376338663231323435346666326532
64666361366438376138343565363330653737383138663931336237616131386231623662353063
66333335613866613935643565366132313832643233363133633765616364636166663331353962
63343834653131666233616566623535653336376261333866396130336266653638613039386361
66386430616435343039633163656238393731323666313166646538343861656235313135626463
66386466363930633431666635386134323632326538626233346335363539396332613431316536
63666238616338653634356136376165656239386431313861303762633664393264616464653063
34613265363264653339363531373133333361333134333735366331353335663863373861656530
62396130376563646565353638383532396634353937623534323031356633633336343766643735
33623933623331623634316264313963373339346262623738383262623563633639636533626164
32656231343461323633323233613839303465656363393139366362366137356338393037336433
64623034343762376161303265666161383836643035306331316533343936336337333661363330
64396336353362313166303735366339663566366665316135653736333761663864393535373161
64636163346436363463643162656538386432373962343161323965323966653766383236633330
35313964633661373564333834643238323130643564613965343034326663376166666637363365
34663365383366613633646161353165326466653433656437663862333764643363326131643234
30646437336438663161313064646431393937333932313439336564623163396230396266383166
65336331646238383766616339653638616234653832626637306133666438646539636635346430
37616435383562306434643939623132643165383234353132373863646434396639393430323666
33373835656161343065633865666565366263376131363734623132326366393233656365343333
61383763393232316332656364623032623963356539326666353632643962623933653737643965
37653230383464346533633732336433303338313265666366643465316361393863313636616561
38393061663435373032373438373666306330323431626638303464336561653734633765393331
37323034646530636161373035323336363561316639303637656566333565366630396539653135
34316461626164333830636332636565623261333333646461653331636163316564333861633939
64343961343066656133313637336230383532633739383263353430303362303535353634313732
62663763616134336639623463323262376134386365636536383032346235633233656433303335
66666664383033653164633231373934303165653335643431386639336335393539326131373537
62336439343064303562663139636233393631383836363566643631623665346464393537643131
38383065303838353365303532366438646365326365363564303339363137666563326566633737
36373336313037616665613063656335613963323466646335323133376164393539633864616661
64623738623337613437336365376635373830303533353938613139663835616532613862656635
63653637323038346130313365316533356538393164366235336535333563643862326438336235
38613234336235656562626535366336396664386631643034376133353466303738613334363636
33396566636162363961623566663135636564343933316435346563666339633536343863656337
63626130396531383431343138323235396365623566303563353135646238313565616634333934
32303335346337333836373763653365316363313934643861303935393637396239323039376661
66373439333161633335666331613031623938333430313537333866373062386134373766626166
39373761303061646632363333393836313363633133353536326232323935663530353664333136
36393530393236326531316139306435313965323337383831303737353934393765653362316462
34656431616636643161626565393962313730373930336236626466653831306162356666393965
35333932646638353435376639643137313032656138343662353834663633333137323938663835
34656664343739333266623865623461393437326462636631306434383261343835336130316436
33353438303661393164313765343536326431376632343433663233656563356630306265333638
36343063633930303835663437303834323963343838666232333830646139363039316436333439
38363261353461373330333630343435366363376562633338613134396331666638303061323938
30313133646238383830356633333637393234363130373665643832313263386336623363306532
39323038613335373130323532323731656334633932366439376434653738323736373830346437
66666261393166336236313936343437636233383762323964313461386331656664623366393465
34373436326661623865393736613539653031373834356364656262316565323765623566356330
32663932666134623138643534643966646662343637623665323738333731616230333962353765
35633931633334366631643733623237326636663330393563306265343564373136356561623934
32326463383163336166353130303437353333343936376366393733653965646137373236323265
65363839653230303664613837316232356638313938666666663863383338666562643066633335
32636536333039396539646433633261363135353263336331373136343662666236353430653037
36326632326266326531343039616633386135313666663866656362326433343261343163653565
35373862663131616230386364316630393734363463336234363761326535363565643135383261
61393938346265313261623238326635656632373362346330643039353465376664383261356131
35386435303739666235
